Time,PM10,PM25,PM100,Temperature,Gas,Relative Humidity,Pressure,Altitude
1708560447.5090797,0,1,1,33.220625,624952,100,612.4468983442713,4050.044322149252
1708560448.522162,0,1,1,23.3563671875,110993,44.096454592874416,1010.5802086820429,22.25158691214763
1708560449.5351598,0,1,1,23.401875,113674,44.07262797097186,1010.5760376847071,22.28638763931729
1708560450.5482564,0,1,1,23.440546875,116169,44.01898160302768,1010.5856667109548,22.20604800932256
1708560451.5609202,0,1,1,23.4770703125,118527,43.93027204327487,1010.58996105988,22.170218376039912
1708560452.574806,1,1,1,23.505,120723,43.811614255575535,1010.5949335784892,22.12873063017623
1708560453.587966,1,1,1,23.518671875,122736,43.68560997710403,1010.594384263263,22.133313782479476
1708560454.6005735,1,1,1,23.5294140625,125556,43.56515443180752,1010.5905673269767,22.16516003414073
1708560455.6129427,0,0,0,23.5372265625,127254,43.43866135710547,1010.5716363944065,22.323109942554815
1708560456.6254084,0,0,0,23.53859375,129393,43.340451273081,1010.5468724104553,22.5297314311087
1708560457.6378257,0,0,0,23.536640625,131809,43.23614205016664,1010.5147960413461,22.79737084126902
1708560458.6501412,0,0,0,23.53,133471,43.137146864326574,1010.4798632135174,23.088851850382607
1708560459.6618721,0,1,1,23.5145703125,135717,43.06609389093815,1010.4402094235745,23.41973465695362
1708560460.6736195,0,1,1,23.4962109375,137480,42.994744811116604,1010.4108285004273,23.664904443424945
1708560461.6846735,0,0,1,23.477265625,139174,42.95221465578514,1010.3753794223434,23.960717771785326
1708560462.6957479,0,0,1,23.458515625,140444,42.90971983970678,1010.3402614039082,24.253776779899525
1708560463.7068567,0,0,1,23.43703125,142452,42.8784665494296,1010.2954398270614,24.62782372795263
1708560464.7195296,0,1,1,23.4145703125,144889,42.87017907878651,1010.242198313672,25.072154552308767
1708560465.7325456,0,1,1,23.3903515625,145887,42.85016280104404,1010.1995193499979,25.4283485608943
1708560466.7454894,0,1,1,23.3626171875,148314,42.82399156355196,1010.1627347462344,25.73535865690813
1708560467.7584527,0,1,1,23.33703125,149492,42.82689046306739,1010.136353122826,25.95554941472675
1708560468.771358,0,1,1,23.307734375,149492,42.835139130740735,1010.1256833237925,26.044604814639815
1708560469.7843568,0,1,1,23.277265625,152590,42.83749190376331,1010.1147190241431,26.13611905528871
1708560470.7975714,0,1,1,23.2458203125,154398,42.8512658567648,1010.1071736042369,26.199097860853477
1708560471.810519,0,1,1,23.215546875,155676,42.870937250078406,1010.0948418474165,26.302027255383052
1708560472.8235116,0,1,1,23.1878125,157412,42.89089440918009,1010.0868046418777,26.36911189430205
1708560473.8365102,1,1,1,23.1628125,159337,42.91692601646889,1010.0800101059526,26.425824603293496
1708560474.8494852,1,1,1,23.139765625,160850,42.95471467094154,1010.0815931739943,26.41261100553094
1708560475.862443,1,1,1,23.1133984375,162237,42.98059993683114,1010.0775535430937,26.44632914586284
1708560476.8753934,1,1,1,23.085078125,163647,43.02934744883456,1010.0702050480693,26.507666115385952
1708560477.888446,1,1,1,23.055,165405,43.05482428118517,1010.0683335681454,26.523287182136954
1708560478.901428,1,1,1,23.0290234375,166872,43.103851130892146,1010.0649462815261,26.551560604269802
1708560479.914364,1,1,1,23.003828125,168868,43.13565703248682,1010.061187830228,26.582932199415325
1708560480.9273446,1,1,1,22.9762890625,171086,43.19607618154963,1010.0602227012906,26.590988095106386
1708560481.9403794,1,1,1,22.946796875,171780,43.20431023920738,1010.0508752648883,26.669011124952306
1708560482.9532695,1,1,1,22.92375,173362,43.25947677414999,1010.0389105518907,26.768881409558364
1708560483.9661605,1,1,1,22.9028515625,175155,43.29178805309621,1010.0187466856511,26.93719275927604
1708560484.9784808,1,1,1,22.88390625,176801,43.324324015133826,1009.9883635660278,27.19081115885022
1708560485.9914117,0,1,1,22.864375,177356,43.362578612380204,1009.9468450911921,27.53739020546793
1708560487.0044675,0,1,1,22.842109375,179423,43.39475108937657,1009.9108416738877,27.837941173718768
1708560488.0174313,0,1,1,22.8165234375,181344,43.42655376750146,1009.8793604249645,28.10074888824342
1708560489.0304542,0,1,1,22.7938671875,182124,43.452908765603695,1009.8393151896272,28.43505895900554
1708560490.0434487,0,1,1,22.770234375,183704,43.49072312134885,1009.7874752486113,28.86785084124324
1708560491.0564644,0,1,1,22.748359375,185922,43.51717357814504,1009.7538248919662,29.148794455019058
1708560492.0694792,0,1,1,22.7251171875,187155,43.5492577069718,1009.7043385121258,29.561965285985885
1708560493.0824726,0,1,1,22.701484375,186944,43.5755162461876,1009.6660232152417,29.881877965610453
1708560494.09542,0,1,1,22.67609375,189713,43.5900062485231,1009.6416336013498,30.085523599365906
1708560495.108422,0,1,1,22.6454296875,191019,43.57497165086637,1009.6184562220202,30.27905114559368
1708560496.121376,0,1,1,22.6176953125,193572,43.57762603273742,1009.6120658930272,30.332410040699923
1708560497.1343277,0,1,1,22.5907421875,195046,43.5572299294257,1009.5985459198379,30.445301973463625
1708560498.1472456,0,1,2,22.5680859375,197358,43.572027544725785,1009.5973674977297,30.455141869714826
1708560499.1602151,0,1,2,22.5473828125,199128,43.48294757830687,1009.5876651619603,30.53615731678226
1708560500.1731198,0,1,2,22.53078125,201416,43.54468412755861,1009.5832156538168,30.57331135327319
1708560501.186091,0,1,2,22.4837109375,202642,43.533596430084174,1009.5711113631329,30.67438460195313
1708560502.1990626,0,1,2,22.428046875,205772,43.52732710081242,1009.557964385522,30.784165606709255
1708560503.211978,0,1,2,22.3669140625,207051,43.52622754217497,1009.5591961252209,30.773880180519626
1708560504.2255483,0,1,2,22.3096875,208477,43.456212413826464,1009.5619582357997,30.75081569780609
1708560505.2381325,0,1,2,22.247578125,211388,43.460793937301254,1009.5615033678233,30.754613983417727
1708560506.2511656,0,1,2,22.167109375,212874,43.469095493441216,1009.5451374314273,30.89127543967312
1708560507.2642047,0,1,2,22.0673046875,214520,43.492565452970716,1009.5348330388064,30.977321745169437
1708560508.27714,0,1,2,21.9628125,217604,43.54440715507876,1009.5334295370839,30.989041669808746
1708560509.2900395,0,1,2,21.85265625,219757,43.59562377014966,1009.53757372717,30.95443569722704
1708560510.3029482,0,1,2,21.7503125,220631,43.86175592590747,1009.5430859575998,30.90840611063505
1708560511.3158958,0,1,2,21.6387890625,221806,43.81448618960474,1009.5414313976798,30.922222403741507
1708560512.328917,0,1,2,21.52296875,222845,43.96351684741775,1009.5493108256685,30.856425926062673
1708560513.341932,0,1,1,21.406171875,225715,44.048810182572545,1009.5520988997564,30.833144455629377
1708560514.3548205,0,1,1,21.2971875,228033,44.22194745242881,1009.5512041403327,30.840616028694008
1708560515.3678155,0,1,1,21.16984375,227410,44.335135149307284,1009.5477955144776,30.869079367990278
1708560516.380859,0,1,2,21.0505078125,229289,44.56538279620273,1009.5393501037064,30.93960213735522
1708560517.393697,0,1,2,20.9534375,234620,44.635691024125336,1009.5466906418644,30.8783054967419
1708560518.4068897,0,1,2,20.8587109375,233142,44.72952817903249,1009.5411084337441,30.924919294849857
1708560519.4197748,0,1,2,20.76359375,235117,45.07353743087306,1009.5365105290919,30.963313899558873
1708560520.4327638,0,1,2,20.6721875,236789,45.197062292154854,1009.5398536082496,30.93539764703448
1708560521.4455407,0,1,2,20.5790234375,238998,45.3554349253881,1009.533437907114,30.988971775933393
1708560522.4584596,0,1,2,20.4815625,241598,45.47258909005161,1009.5432766663081,30.90681361136958
1708560523.4714038,0,1,2,20.3878125,242301,45.57271734040553,1009.547578253556,30.870893583041678
1708560524.4845092,0,1,2,20.29953125,243899,45.73192126239397,1009.5459649889349,30.884364993724887
1708560525.4974663,0,1,2,20.2161328125,246608,45.89180694539382,1009.5526045798158,30.82892184194498
1708560526.5105464,0,1,2,20.1346875,248077,46.08129893945039,1009.5574762356842,30.788241819075136
1708560527.5253284,0,1,2,20.06125,249005,46.29532890978085,1009.5607607685946,30.76081491526462
1708560528.538284,0,1,1,19.989375,249939,46.380772113160425,1009.5616237977921,30.753608356506906
1708560529.5513651,0,1,1,19.9212109375,252977,46.53705845420577,1009.5653980609551,30.722092158958468
1708560530.5651083,0,1,1,19.846015625,253748,46.72787698569574,1009.5639437220266,30.734236301628066
1708560531.5772352,0,1,1,19.7690625,256879,46.889282941321426,1009.5611623790091,30.75746134438434
1708560532.5913563,0,1,1,19.698359375,256484,47.069192179716545,1009.555509980457,30.80466071576602
1708560533.6047246,0,1,1,19.6325390625,257874,47.24983386148853,1009.5564467131247,30.796838677691007
1708560534.6169345,0,0,1,19.5712109375,258876,47.50191148351904,1009.5616294098676,30.753561493966235
1708560535.6290603,0,0,1,19.514375,260089,47.70761913270337,1009.5592874437514,30.773117641558255
1708560536.6412082,0,0,1,19.463203125,260496,48.020624444306875,1009.5547801436766,30.810755106508594
1708560537.6533198,0,0,1,19.4067578125,262550,48.416479932248556,1009.549712264785,30.85307375478739
1708560538.6662583,0,0,1,19.357734375,263798,48.772498156018564,1009.5572390816,30.790222134578134
1708560539.6802359,0,0,1,19.3040234375,266542,48.87297830389625,1009.5702414345558,30.68164871739735
1708560540.6931129,0,0,1,19.2440625,266329,48.91332451201977,1009.5759725178182,30.63379286995446
1708560541.7064512,0,0,1,19.17921875,268260,49.06604552501611,1009.5750711797343,30.64131923317515
1708560542.7238157,0,0,1,19.12140625,270219,49.112629202398075,1009.5659286759983,30.71766137633211
1708560543.7411716,0,0,1,19.0641796875,270878,49.26045666886448,1009.5628108209785,30.743696356617864
1708560544.7538278,0,0,1,19.0071484375,272876,49.39650066282292,1009.5583303412137,30.781109756865945
1708560545.76679,0,0,1,18.9626171875,275130,49.55798871669383,1009.5532340330515,30.82366567929925
1708560546.779733,0,0,0,18.923359375,275585,49.714280247294944,1009.5654938412264,30.721292367015305
1708560547.7926846,0,0,0,18.884296875,277422,49.81698206553338,1009.5495130066447,30.854737636890118
1708560548.804901,0,0,0,18.84171875,277422,49.94917714812807,1009.5426732840943,30.911852111713884
1708560549.8178217,0,0,1,18.7938671875,280223,50.06288434599163,1009.5335830493852,30.98775976650023
1708560550.8307195,0,0,1,18.74875,280696,50.19493073762446,1009.5257721485356,31.052984835250047
1708560551.8436744,0,0,1,18.689375,283564,50.3013840462367,1009.5289914594831,31.026101871481
1708560552.8566353,0,0,0,18.6325390625,284290,50.4141875310607,1009.5264334746221,31.04746240397367
1708560553.8694901,0,0,0,18.588984375,285999,50.576613569469856,1009.5246081357492,31.06270498004894
1708560554.8824294,0,0,0,18.549921875,287480,50.865738099172674,1009.5270533832504,31.042285833582632
1708560555.8953342,0,0,0,18.51203125,287977,51.101346781474504,1009.5230876262553,31.075402081434277
1708560556.9083276,0,0,0,18.467109375,287728,51.19801643438967,1009.5205941288491,31.09622420748282
1708560557.921247,0,0,0,18.4196484375,291251,51.101999541077426,1009.5037003739185,31.237297796983224
1708560558.9341455,0,0,0,18.37140625,293045,51.24636287659675,1009.4905074247606,31.34746863575686
1708560559.9470196,0,0,0,18.3180859375,292274,51.45642014740117,1009.4955312760285,31.30551564141573
1708560560.9599307,0,0,0,18.267890625,295385,51.564645654350464,1009.4823551155562,31.415547002525244
1708560561.9728484,0,0,0,18.214765625,293821,52.01041605859562,1009.5011146773313,31.258890175350782
1708560562.985854,0,0,0,18.1626171875,296436,52.100565996615295,1009.5148061596698,31.14455721306576
1708560563.9987414,0,0,0,18.1114453125,297761,52.11231964452111,1009.5217532685109,31.086544724757765
1708560565.011654,0,0,0,18.062421875,299367,52.00959160843374,1009.5172392233036,31.124239648685716
1708560566.0245404,0,0,0,18.0094921875,300448,52.021130619219555,1009.5211720876943,31.09139791765466
1708560567.037455,0,0,0,17.9551953125,300448,52.15933743401522,1009.5194103109442,31.106109777009834
1708560568.0503228,0,1,1,17.9048046875,303736,52.26789398522881,1009.5209261789893,31.093451396951533
1708560569.0632417,0,1,1,17.8540234375,303459,52.36436070256957,1009.5150556343989,31.14247394518958
1708560570.07618,0,1,1,17.8094921875,305407,52.44954843963896,1009.5198089352463,31.102781030690448
1708560571.0891168,0,1,1,17.770234375,306250,52.541481085487355,1009.5284939256074,31.03025654022151
1708560572.1020262,0,1,1,17.7391796875,307380,52.65264817220752,1009.5343572037018,30.98129519913789
1708560573.1180372,0,1,1,17.7161328125,308234,52.75881831069753,1009.5320387417746,31.00065550271213
1708560574.130811,0,1,1,17.69796875,308234,52.902042313153515,1009.5397044711248,30.936643009199525
1708560575.14368,0,1,1,17.6778515625,310244,53.008714974185025,1009.5406902859798,30.928411013887885
1708560576.1566837,0,1,1,17.6602734375,311696,53.109693165968,1009.5376098371776,30.95413416187162
1708560577.1695907,0,1,1,17.6380078125,312573,53.21620806669946,1009.5366130524603,30.962457781043497
1708560578.1825137,0,1,1,17.6188671875,311113,53.32925228076564,1009.5291936814615,31.024413212404507
1708560579.1954126,0,1,1,17.5899609375,314641,53.39248019727917,1009.5319836399135,31.00111563093438
1708560580.2084587,0,1,1,17.55890625,317339,53.45545560998529,1009.5344667215884,30.9803806715215
1708560581.2214518,0,1,1,17.5309765625,316735,53.54318189848026,1009.5305269303472,31.01327989511037
1708560582.234368,0,1,1,17.5106640625,318858,53.61364657839205,1009.5211053331733,31.091955356303316
1708560583.247362,0,1,1,17.4915234375,321319,53.72691367014509,1009.5170303872584,31.125983555402414
1708560584.2603757,0,1,1,17.4723828125,320700,53.79149804570348,1009.5213370244882,31.090020600667277
1708560585.2732954,0,1,1,17.4559765625,322877,53.94179522828797,1009.5202367926286,31.099208172218002
1708560586.286232,0,1,1,17.4409375,322877,53.88501807079995,1009.5147565542643,31.144971448847592
1708560587.2992086,0,1,1,17.4284375,322564,53.98708423937394,1009.5102445292607,31.182649714302148
1708560588.3121617,0,1,1,17.4145703125,323819,54.03411941284227,1009.5151398848016,31.141770402453716
1708560589.3251736,0,1,1,17.4063671875,325719,54.12460307634568,1009.5196172055548,31.104382085742106
1708560590.3381054,0,1,1,17.39328125,326357,54.20229577132667,1009.5258407268025,31.052412169413447
1708560591.3502316,0,1,1,17.3846875,327964,54.32946378576043,1009.5246229453965,31.06258131132285
1708560592.3629446,0,1,2,17.3778515625,328288,54.55479071095721,1009.5230444644857,31.07576250648677
1708560593.3759801,0,1,2,17.370625,327964,54.52328315073684,1009.519124525877,31.108496250309063
1708560594.388988,0,1,2,17.362421875,328936,54.72417269409946,1009.5152183600206,31.141115086093198
1708560595.4019275,0,1,2,17.3563671875,329587,54.67442209505133,1009.5132929915624,31.157193109088137
1708560596.4148495,0,1,2,17.3489453125,331556,54.72856760272675,1009.5107163974615,31.178709309692078
1708560597.4277906,0,1,2,17.3411328125,332549,54.83780606346345,1009.5108271554222,31.177784409311556
1708560598.4407728,0,1,2,17.335078125,332549,54.95346263717461,1009.5172825046103,31.12387822375225
1708560599.453725,0,1,2,17.32921875,335565,54.98336150241188,1009.5257462877687,31.053200786727917
1708560600.4666739,0,1,2,17.324140625,336582,54.96431656023213,1009.5221300888488,31.083398060192938
1708560601.4796019,0,1,2,17.3200390625,336923,55.08030019211082,1009.528557300249,31.029727328640675
1708560602.492602,0,1,2,17.3169140625,336242,55.13511221267147,1009.5265897201523,31.046157669536996
1708560603.5060217,0,1,2,17.3153515625,335565,55.17172943570591,1009.5323106669272,30.998384791356816
1708560604.5199218,0,1,2,17.3173046875,337264,55.14129850586336,1009.5289309082941,31.026607505570208
1708560605.5328677,0,1,2,17.3188671875,340019,55.37481566870978,1009.5282385094068,31.032389400064723
1708560606.545777,0,1,2,17.322578125,338292,55.52280342266123,1009.5395845974849,30.937644008194194
1708560607.5584605,0,0,1,17.3212109375,338292,55.43656612949844,1009.5422857024455,30.915088586049993
1708560608.5713446,0,0,1,17.3200390625,343526,55.61472530471733,1009.5453192910629,30.88975683643995
1708560609.5833457,0,0,1,17.3190625,342466,55.479313082686595,1009.5419805791764,30.91763649796979
1708560610.5957782,0,0,1,17.317890625,342819,55.52219609449012,1009.538309371894,30.948292723375438
1708560611.60824,0,0,1,17.3169140625,344236,55.44830187109288,1009.5332944824138,30.990169442942925
1708560612.6203213,0,0,1,17.3141796875,347469,55.515566932229845,1009.5386965825171,30.94505933695639
1708560613.6322238,0,0,1,17.307734375,347106,55.60082673329731,1009.5344286686508,30.980698432046086
1708560614.644493,0,0,1,17.3028515625,348925,55.53869380756994,1009.5344968514087,30.980129072877737
1708560615.6564698,0,0,1,17.298359375,347469,55.611913270820736,1009.530201514598,31.01599728371217
1708560616.668692,0,0,1,17.2962109375,350762,55.53783342394238,1009.5282200883655,31.03254322548259
1708560617.6813133,0,0,1,17.2958203125,349657,55.69156792408363,1009.5292312121725,31.024099811405442
1708560618.6943607,0,0,1,17.2930859375,349657,55.59892722653418,1009.5245761245275,31.062972291427858
1708560619.708389,0,0,1,17.289375,353368,55.690731175619916,1009.5249629918683,31.05974173598785
1708560620.7213745,0,0,1,17.2829296875,354874,55.757598228291656,1009.5273990823879,31.03939906101228
1708560621.7337642,0,0,1,17.27921875,354874,55.572528053051684,1009.5395184131584,30.938196677233297
1708560622.750917,0,0,0,17.2782421875,357157,55.60315354510907,1009.5395319268266,30.938083831993175
1708560623.7643487,0,0,0,17.2782421875,357925,55.57855150223809,1009.5395319268266,30.938083831993175
1708560624.7771473,0,0,0,17.27765625,355252,55.52313278671288,1009.5368582899245,30.960409932757564
1708560625.7898674,0,0,0,17.278828125,357541,55.554028593213,1009.535501197364,30.97174229961815
1708560626.8026612,0,0,0,17.28078125,356012,55.73885209380417,1009.5354741485276,30.971968170362523
1708560627.815609,0,0,0,17.2801953125,356393,55.763399028708,1009.5328005117809,30.994294342490385
1708560628.8285065,0,1,1,17.2805859375,358310,55.75729371740343,1009.5301133448307,31.016733546663325
1708560629.8412786,0,1,1,17.2829296875,359470,55.69604837132087,1009.5307512874163,31.01140639879791
1708560630.8534567,0,1,1,17.2829296875,359083,55.80069509410744,1009.5307512874163,31.01140639879791
1708560631.8656635,0,1,1,17.2844921875,361421,55.751645332754535,1009.5350874874354,30.975196976295056
1708560632.8778563,0,1,1,17.2868359375,362601,55.73963857024934,1009.530697072878,31.0118591178973
1708560633.8915625,0,1,1,17.2911328125,363790,55.87566589882778,1009.5296316839169,31.020755664204348
1708560634.9037619,0,1,1,17.29484375,363790,55.91927337950518,1009.5325970803365,30.99599309632846
1708560635.9167416,0,1,1,17.2989453125,362997,55.72274591690529,1009.5278467445215,31.035660844110843
1708560636.9296312,0,1,1,17.304609375,364188,55.80967159604995,1009.5190516595785,31.10910472681757
1708560637.942531,0,1,1,17.308515625,364586,55.804021826559875,1009.5156446620994,31.137555202203515
1708560638.955396,0,1,1,17.3122265625,362601,55.87225144759734,1009.51860977125,31.11279475539762
1708560639.9683447,0,1,1,17.313203125,360248,55.798473789569954,1009.5135675382285,31.154900472310466
1708560640.9812834,0,2,2,17.3128125,355632,55.84768959163345,1009.5078740109915,31.20244509732356
1708560641.9941778,0,2,2,17.316328125,353368,55.90974879499454,1009.5105065304617,31.180461834665067
1708560643.0071163,0,2,2,17.3200390625,350393,55.86094879847171,1009.5101191220904,31.183696945520865
1708560644.0208144,0,2,2,17.3204296875,345665,55.84868081614359,1009.509107907789,31.19214124471668
1708560645.0336037,0,2,2,17.3153515625,344236,55.8911390128654,1009.5071678784138,31.208341774970158
1708560646.0477257,0,2,2,17.3173046875,344236,55.885232834821835,1009.5037880469927,31.236565666164047
1708560647.0606983,0,2,2,17.320625,343172,55.84870623334468,1009.5044118030569,31.231356873015244
1708560648.0735173,0,2,2,17.3188671875,346025,56.01484903453143,1009.5098003648399,31.18635877580036
1708560649.0864618,0,2,2,17.3169140625,351503,55.94679583292361,1009.5115040110087,31.172132230578498
1708560650.0993779,0,2,2,17.3137890625,348925,55.93406433082301,1009.5045079375185,31.230554084219726
1708560651.112384,0,2,2,17.311640625,351132,55.952271144089124,1009.5008505225466,31.261096055424254
1708560652.125294,0,2,2,17.3091015625,354119,55.94577788754269,1009.4998804654701,31.26919672502438
1708560653.138231,0,1,1,17.306953125,355252,55.871565045359624,1009.4945468857488,31.313736038622917
1708560654.151138,0,1,1,17.3024609375,354496,55.92642690832025,1009.4969564903837,31.29361404402806
1708560655.164088,0,1,1,17.295625,357541,55.99332588217192,1009.4970521518677,31.292815200141224
1708560656.17703,0,1,1,17.2895703125,355632,55.95555803496816,1009.5001537185442,31.26691486600592
1708560657.1899295,0,1,1,17.28234375,359470,55.954616584503626,1009.5029361494767,31.24367960192372
1708560658.202875,0,1,1,17.26828125,359470,55.92197597654532,1009.5058130262289,31.219655703040544
1708560659.2169285,0,0,0,17.2528515625,364188,55.90764550430363,1009.5080373258537,31.201081309856054
1708560660.2299223,0,0,0,17.2337109375,366997,55.9174760305565,1009.4955627083674,31.305253157918333
1708560661.2428908,0,0,0,17.2221875,364188,55.92829839772712,1009.4994074264307,31.2731469412307
1708560662.2556944,0,1,1,17.217109375,365386,55.93996015747579,1009.5024933537613,31.247377255513435
1708560663.2687001,0,1,1,17.2110546875,369030,55.95765737654517,1009.5039164774744,31.235493182887716
1708560664.281518,0,1,1,17.203828125,368622,55.97520348992996,1009.5050201247215,31.226276970257683
1708560665.2945971,0,0,0,17.1989453125,370673,55.999219473546866,1009.510113926677,31.183740330598358
1708560666.3075836,0,0,0,17.1934765625,371086,56.01083420803477,1009.5125340644341,31.16353062900364
1708560667.3205416,0,0,0,17.189765625,370673,55.954886298406834,1009.5129193070476,31.160313609860573
1708560668.3334446,0,0,0,17.1829296875,373584,56.00946055909587,1009.509659692864,31.18753347847321
1708560669.346339,0,0,0,17.18,372331,55.99058933657071,1009.5063474336835,31.21519303946776
1708560670.359283,0,0,0,17.1794140625,373165,56.10764483426742,1009.5070256474232,31.20952949893685
1708560671.3722527,0,0,0,17.1829296875,374424,56.06494075653866,1009.5113355353219,31.1735391104496
1708560672.3851511,0,0,0,17.189765625,373584,56.18918085322274,1009.5095675866419,31.188302625524635
1708560673.3980293,0,0,0,17.192890625,374845,56.17725025125847,1009.513212321754,31.15786675265592
1708560674.4109406,0,0,0,17.191328125,374845,56.14620338738451,1009.5139037516351,31.152092880281714
1708560675.4238994,0,0,0,17.1938671875,380880,56.165039916143954,1009.5182267519247,31.11599319408169
1708560676.43685,0,0,0,17.196015625,381094,56.165320334524836,1009.5151811726962,31.141425623128534
1708560677.44972,0,0,0,17.19484375,379385,56.177505215825846,1009.5165376984186,31.13009780501494
1708560678.4625835,0,0,0,17.1919140625,380665,56.1894613503105,1009.5115496347739,31.171751242958912
1708560679.4755847,0,0,0,17.1887890625,382170,56.1952229145317,1009.5146083306176,31.146209207978
1708560680.4885972,0,0,0,17.1878125,380238,56.20743510676712,1009.5162973449784,31.13210490210636
1708560681.5023699,0,0,0,17.18625,381309,56.244254886457725,1009.5086094710172,31.196303519494013
1708560682.5157526,0,0,0,17.1841015625,386977,56.42302405795202,1009.5200341617168,31.10090025826187
1708560683.530193,0,0,0,17.1829296875,384340,56.34258611138816,1009.514687220542,31.14555042829411
1708560684.5499084,0,0,0,17.1821484375,382819,56.50308664901321,1009.5150328957634,31.142663826804146
1708560685.562049,0,0,0,17.1778515625,383904,56.40985204555546,1009.5110686430894,31.175767831888194
1708560686.574156,0,0,0,17.1700390625,385435,56.32855178656622,1009.5044702231456,31.23086902513421
1708560687.5862718,0,0,0,17.174921875,386977,56.3415386174927,1009.4943497683755,31.31538211732626
1708560688.5985258,0,0,0,17.2563671875,384996,56.48810044066625,1009.4888821188788,31.361041217157766
1708560689.6110592,0,0,0,17.2821484375,385874,56.76359354476309,1009.4908709568011,31.344432859950928
1708560690.6235013,0,0,0,17.2719921875,386977,56.966591325848675,1009.4970460455309,31.292866192554847
1708560691.6359012,0,0,0,17.256953125,384122,57.026567384162234,1009.4982598076525,31.282730389665694
1708560692.648915,0,0,0,17.239765625,388755,57.104874489439524,1009.495814839362,31.3031476760899
1708560693.6619668,0,0,0,17.2258984375,388755,56.99768007151157,1009.487289886693,31.374337624363307
1708560694.6741927,0,0,0,17.2188671875,388979,56.91622185169889,1009.4920786077171,31.334348040134167
1708560695.6868823,0,0,0,17.2180859375,389651,56.91611883553355,1009.4941003857001,31.317464651079035
1708560696.6990445,0,0,0,17.2173046875,390325,57.306592529821486,1009.497798086895,31.286586095073936
1708560697.7111673,0,0,0,17.2180859375,388532,57.44948667108039,1009.502480049433,31.247488355970837
1708560698.7233162,0,0,0,17.2274609375,389203,57.41968060128198,1009.5016817284288,31.25415489750754
1708560699.7361732,0,0,0,17.2368359375,392589,57.38367000384905,1009.4992070143646,31.274820526580246
1708560700.7490919,0,0,0,17.249140625,390100,57.422558847114566,1009.4983675228423,31.28183088939984
1708560701.761944,0,0,0,17.2606640625,390776,57.4799876370072,1009.4961972959846,31.299953878895806
1708560702.7744863,0,0,0,17.2657421875,391680,57.29439553855593,1009.4964622463292,31.297741347077526
1708560703.7872002,0,0,0,17.266328125,393273,57.22622061334599,1009.492431594377,31.331400330173157
1708560704.7998695,0,1,1,17.2637890625,392361,57.21347738978028,1009.4964892823481,31.297515576301073
1708560705.8128417,0,1,1,17.2596875,397430,57.10750881187609,1009.4911826739294,31.341829779737264
1708560706.82571,0,1,1,17.25734375,393731,57.08860048728744,1009.4871925899475,31.375150130255072
1708560707.8379586,0,1,1,17.2524609375,397897,57.09415414097698,1009.4788799316418,31.44456773056496
1708560708.8504627,0,1,1,17.2477734375,398835,57.037749259307034,1009.4843078677474,31.399239903877074
1708560709.863432,0,1,1,17.2821484375,399306,56.99891175653322,1009.4908709568011,31.344432859950928
1708560710.8763523,0,1,1,17.2930859375,400724,56.95698585603119,1009.4927297006129,31.328910914594985
1708560711.8885903,0,1,1,17.2880078125,400250,56.98729321670126,1009.5008459507908,31.2611342328386
1708560712.9015589,0,1,1,17.2801953125,398366,56.91192409486477,1009.5026308063665,31.24622943008559
1708560713.914449,0,1,1,17.271796875,399070,56.91700966648179,1009.5017417564329,31.253653621329562
1708560714.9270961,0,1,1,17.2645703125,395572,57.00278641444176,1009.4978193124157,31.286408846447344
1708560715.9399803,0,1,1,17.2501171875,391907,56.98228982414116,1009.5050581369112,31.22595954250342
1708560716.9527469,0,1,2,17.2409375,395572,56.974882544525194,1009.4994859257631,31.272491415243678
1708560717.965534,0,1,2,17.2368359375,395110,57.061095300206496,1009.5042349588762,31.23283364357741
1708560718.9779928,0,1,2,17.2315625,396035,57.10378995149617,1009.5036367893997,31.237828771733945
1708560719.9908152,0,1,2,17.2221875,397663,57.276212119324484,1009.5027593135028,31.245156305694604
1708560721.0036376,0,1,2,17.2208203125,397197,57.319470894081455,1009.5021075866575,31.25059868142464
1708560722.0170581,0,1,2,17.2208203125,399306,57.189180723980925,1009.5037835267664,31.236603413177917
1708560723.0302136,0,2,2,17.220625,403592,57.09614480329783,1009.4984231835787,31.281366081756698
1708560724.0439541,0,2,2,17.2094921875,402153,57.08847447105019,1009.496228521315,31.2996931242154
1708560725.057789,0,2,2,17.1969921875,406256,57.05583172667775,1009.4984091925584,31.281482916953074
1708560726.071137,0,1,2,17.183515625,405769,57.0292633480194,1009.4938988778212,31.319147394419105
1708560727.0845091,0,1,2,17.1762890625,405283,57.01591646588419,1009.4983533586802,31.281949170464426
1708560728.0984955,0,1,2,17.165546875,409451,57.00830278374874,1009.4984975465279,31.280745097052776
1708560729.1121423,0,1,2,17.1637890625,408463,56.995679371149905,1009.4921530823619,31.33372611953032
1708560730.1260414,0,1,2,17.1942578125,409947,56.99969967999243,1009.4870502741085,31.376338581804337
1708560731.1399636,0,1,2,17.2348828125,407725,56.986474387500486,1009.4958818389179,31.302588179909343
1708560732.1529038,0,2,2,17.275703125,409947,56.95469099801909,1009.5000114779987,31.268102676450372
1708560733.16586,0,2,2,17.3251171875,408463,56.91785254160249,1009.4986494010959,31.279477001104272
1708560734.178718,0,2,2,17.3794140625,409947,56.88166495544852,1009.4972063006885,31.291527944021183
1708560735.1897395,0,2,2,17.4356640625,410445,56.81478193470621,1009.4990744001126,31.275927951410004
1708560736.2007937,0,2,2,17.49328125,410943,56.75428841783872,1009.4982258980931,31.283013559198828
1708560737.2119324,0,2,2,17.5555859375,409204,56.68824098382886,1009.5003099237454,31.265610440843762
1708560738.222973,0,2,2,17.6173046875,409451,56.634508267093736,1009.5030569903574,31.24267049636853
1708560739.234044,0,2,2,17.6829296875,408217,56.587489062321566,1009.5141121720194,31.150352440220324
1708560740.2469618,0,2,2,17.752265625,410196,56.522416784662376,1009.5348197723146,30.977432526789617
1708560741.2603738,0,2,2,17.8219921875,406500,56.47596235189252,1009.5511427103215,30.841128992269365
1708560742.2732694,0,2,2,17.8926953125,406745,56.41728361809296,1009.5774976265947,30.621057902196156
1708560743.2859766,0,2,2,17.963984375,405526,56.34633767699542,1009.6048330835795,30.392803931120483
1708560744.2987952,0,2,2,18.035078125,404315,56.29392205439711,1009.6301417514107,30.181478326065154
1708560745.3130317,0,2,2,18.1063671875,406500,56.21683754154692,1009.6574441251167,29.953510225851453
1708560746.3328278,0,2,2,18.172578125,403832,56.13910936932987,1009.6760916532407,29.797810824716294
1708560747.3466682,0,1,1,18.236640625,402871,56.05495208186968,1009.6961048402545,29.630711308454384
1708560748.360333,0,1,1,18.3020703125,402392,55.97100534394109,1009.7117142961447,29.500382477215293
1708560749.3738203,0,1,1,18.36828125,400962,55.89335924113352,1009.7370313494923,29.289004972928254
1708560750.3872375,0,1,1,18.43234375,400487,55.78463152585746,1009.763717486509,29.06620134127839
1708560751.4006784,0,1,1,18.4971875,402631,55.68222007039606,1009.7900401451693,28.84643707577497
1708560752.4193447,0,1,1,18.5606640625,397897,55.591992736601085,1009.8224215527837,28.5760955093488
1708560753.4322114,0,1,1,18.6212109375,401675,55.4829476579741,1009.854848129764,28.305383872767322
1708560754.4451327,0,1,1,18.6841015625,400962,55.37426261503982,1009.8912501341558,28.001491967155715
1708560755.458019,0,1,1,18.7442578125,399306,55.271421420838365,1009.9179522916453,27.778582147143787
1708560756.4708695,1,1,1,18.8040234375,397663,55.150136167057035,1009.9490193791063,27.5192398634807
1708560757.4836624,1,1,1,18.86046875,398131,55.028483299432914,1009.9693901153686,27.349192241953364
1708560758.498504,1,1,1,18.913203125,397430,54.906413242489364,1009.98008005881,27.259957527997372
1708560759.5104654,1,1,1,18.9649609375,397197,54.790419629512485,1009.9975015355948,27.114532719314145
1708560760.5225246,1,1,1,19.0243359375,399306,54.68161195179306,1010.0211414387178,26.917203190467983
1708560761.536285,1,1,1,19.0833203125,398366,54.58506515772607,1010.0390635840988,26.767604033110402
1708560762.5479202,0,0,0,19.14640625,395341,54.47683939111566,1010.074031803621,26.475724619994246
1708560763.5612388,0,0,0,19.2083203125,398600,54.37463671067967,1010.1103593801236,26.172507331338316
1708560764.5746415,0,0,0,19.266328125,397897,54.30257862030396,1010.1450806852325,25.88270544498587
1708560765.5873275,0,0,0,19.3223828125,396731,54.22416957132175,1010.1781547838771,25.606659492373648
1708560766.6006267,0,0,0,19.377265625,395341,54.13340091368973,1010.2125919157169,25.31924504870213
1708560767.6128821,0,0,0,19.431171875,399306,54.03031387847482,1010.2386348113919,25.10189469020575
1708560768.6258352,0,1,1,19.4833203125,395803,53.93926899413781,1010.2515903926729,24.99377091384382
1708560769.6379075,0,1,1,19.5348828125,396499,53.81764468499425,1010.2669041111841,24.86596820997366
1708560770.650159,0,1,1,19.5878125,397430,53.69016139013505,1010.2845320083647,24.718854157850465
1708560771.6630929,0,0,0,19.6425,397663,53.5690801385206,1010.3051376449002,24.546891942954325
1708560772.6760647,0,0,0,19.69640625,398600,53.44796541338849,1010.3345002783686,24.301854019659878
1708560773.6883602,0,0,0,19.7505078125,397663,53.30257311517764,1010.3591391771666,24.096241196909634
1708560774.7012954,0,0,0,19.805390625,397197,53.16955639722069,1010.4002409723907,23.753253728593762
1708560775.7143326,0,0,0,19.860078125,398600,53.030512804502315,1010.4359560066614,23.45522703451572
1708560776.726484,0,0,0,19.915546875,397430,52.8855800931472,1010.4696253627652,23.174278460816275
